% Date: 15-12-2021
% About the code: the data are organised in pairs (Location Update, Paging Cost)

network = [2	1	;
20	2;
4	1;
84	10;
23	1;
3	1;
16	10;
7	2;
7	1;
9	3;
1	1;
4	1;
4	1;
7	3;
8	3];